187
87
17
250
220
281
189
68
83
315
114
61
42
58
72
60
77
253
167
55
85
28
341
370
326
248
306
258
155
152
191
112
185
90
352
131
67
71
362
146
226
113
361
300
180
277
147
336
197
9
8
75
251
24
340
63
108
23
111
297
73
246
136
283
14
138
19
163
117
127
215
216
239
179
274
316
162
261
3
192
10
252
265
175
312
103
349
263
245
7
38
350
158
39
287
95
194
278
181
51
156
237
206
328
119
244
101
310
150
133
337
82
363
353
149
151
32
170
22
52
330
302
257
100
243
29
259
255
309
262
196
160
228
235
40
334
249
217
291
50
275
143
317
122
233
294
20
241
88
80
227
313
357
177
269
92
368
129
188
348
121
266
176
169
18
84
120
254
290
154
6
107
242
69
76
171
201
282
222
347
45
268
15
118
365
5
299
137
26
33
86
214
209
345
270
247
21
321
323
207
332
89
57
4
13
115
267
96
12
276
354
65
47
16
172
56
238
292
355
308
364
135
